<?xml version="1.0"?>
<opencv_storage>
<cov type_id="opencv-matrix">
  <rows>3</rows>
  <cols>3</cols>
  <dt>d</dt>
  <data>
    1.4290121261074282e+002 8.6057399269912793e+001
    7.7263375808909871e+001 8.6057399269912793e+001
    6.9267049331541250e+002 2.9599883453621243e+002
    7.7263375808909871e+001 2.9599883453621243e+002
    4.2103660664328760e+002</data></cov>
<mu type_id="opencv-matrix">
  <rows>1</rows>
  <cols>3</cols>
  <dt>d</dt>
  <data>
    2.1508320909090909e+002 1.3303070909090908e+002
    1.7148821818181818e+002</data></mu>
<covinv type_id="opencv-matrix">
  <rows>3</rows>
  <cols>3</cols>
  <dt>d</dt>
  <data>
    7.8961563091222379e-003 -5.1719254721585583e-004
    -1.0854051499091509e-003 -5.1719254721585583e-004
    2.0975346128329878e-003 -1.3797084374399375e-003
    -1.0854051499091509e-003 -1.3797084374399375e-003
    3.5442385102363106e-003</data></covinv>
<sampleNum>110000</sampleNum>
</opencv_storage>
