<?xml version="1.0"?>
<opencv_storage>
<InputWeight type_id="opencv-matrix">
  <rows>50</rows>
  <cols>40</cols>
  <dt>d</dt>
  <data>
    6.0565633625127006e-002 -6.0148151917981774e-001
    -1.9788105399366990e-001 6.2877017526620715e-001
    -1.2573398548195283e-001 -5.0242050726435372e-001
    5.4621013600911583e-001 5.2418748119604652e-001
    -3.8441096949197345e-001 4.0486342910939743e-001
    -4.3105535582215020e-002 5.8438004161029711e-001
    -8.2831368427861563e-001 -8.4987942073615175e-001
    -6.7315313070495431e-001 -4.0044147613709841e-001
    8.1130784891370045e-001 4.1937169792962348e-001
    -7.0057492526192822e-001 5.3087987657702973e-001
    -7.5143708599892634e-001 -9.9254270943206202e-001
    1.0302722072238003e-001 9.9639862982400129e-001
    -6.8201560848943332e-001 -6.7764382028268733e-001
    -9.2362123206796931e-001 -1.4827728326561301e-001
    6.9225525760169382e-001 7.7520897447708981e-001
    -4.7057513693455721e-001 -4.5843383654034547e-001
    9.0533279390645016e-001 3.5026262849754697e-001
    6.2043274004270987e-001 -6.3207950697092641e-001
    -8.1108750350433523e-001 6.3180660647848663e-001
    4.9035370077654510e-002 -2.3832223844359643e-001
    -1.7601042141796633e-001 -4.8892925039075980e-001
    8.8979181021739295e-001 8.0024696741241175e-001
    -8.4216816441665135e-002 6.8261395441738570e-001
    -4.3939967132856061e-001 -2.2912854154903944e-001
    -9.6197024191782221e-002 7.5086711192201672e-001
    -6.8116978561584629e-001 2.9857322292149840e-001
    -1.4908615242365841e-001 3.5990086506472724e-001
    -3.0094107479695592e-001 2.0143342277465429e-001
    -4.4427055717676661e-001 2.9964044082669894e-001
    -1.2848262055069770e-001 5.7524539973358690e-001
    -3.9220474578171671e-001 -8.4483976761450763e-001
    2.7179190737700176e-001 3.3469874810798195e-001
    4.9550705185709620e-001 -3.4776231322664097e-001
    -2.5104713992622124e-001 8.1298904257257804e-002
    -9.2971951736068159e-001 -3.7295120538284304e-001
    6.3198774974043714e-001 3.3973999330834798e-001
    2.9309868396617494e-001 -8.1395966004833764e-001
    6.1375809509655110e-001 6.3680512006177636e-001
    7.4061959570251434e-001 -9.6831228178691675e-001
    6.4352521336470425e-001 -4.5317130752601315e-001
    4.8573877102154073e-001 7.5667388893778353e-001
    -4.9360460567220066e-001 -5.7890495645626183e-001
    -5.9107565130179458e-002 -6.2992937213117228e-001
    2.0353380366424162e-001 1.0091042688009222e-001
    4.7264927228950808e-002 -5.7609874556994090e-001
    5.5777942443893580e-001 -9.9669672610977056e-001
    -1.7162149060127979e-001 5.5634684652248501e-001
    -3.3358454915587454e-001 5.9747514223156295e-001
    7.8857911470850794e-001 6.9655926570484961e-001
    8.7090097749588802e-001 -6.6565253332331056e-002
    6.8887530981758771e-001 -9.2428085722397046e-001
    4.4951029989400698e-001 1.1631059558288237e-001
    7.1837252205978896e-001 -7.2273235426969085e-001
    9.0138901171689198e-002 6.6581980601233970e-001
    -6.5289493659460929e-001 -7.9308013749137585e-001
    -4.6430217017725045e-001 -7.4468660024977162e-001
    -5.5133258961992060e-001 5.4043245163623702e-002
    2.5314355186154497e-001 -2.7982446805441219e-001
    -6.1970245622920632e-002 2.3520511903748825e-001
    9.7817671739370482e-001 -7.9255795620906544e-001
    3.8314901935835910e-001 1.2471607009352841e-001
    2.7241408926640442e-001 8.1029844379870347e-002
    4.9472839724850654e-001 3.0086800168973995e-002
    -9.2118266257456716e-001 -5.9701346186869908e-001
    -8.5531848487743867e-001 -1.1121274071253182e-001
    4.6026378212009217e-001 1.8331973762882064e-001
    -3.5611730734776781e-001 1.5488839314329578e-001
    1.9852585118856964e-001 -7.2292720196108995e-001
    1.6540022158700646e-001 -5.4935034297386642e-001
    8.0547146154134719e-001 -1.0378437772929169e-001
    3.9677977081838928e-001 3.6833519866504009e-002
    2.4455135135610778e-001 3.4007037429976295e-001
    -6.3922820604607322e-001 5.3521888682864449e-001
    -3.8159990808418399e-002 -7.0446018643386532e-001
    -8.2452580494101646e-001 5.9025373569042938e-001
    5.2018198641308544e-001 7.8092675179942828e-001
    5.8347722520233769e-001 -4.3975661467965654e-001
    -9.8647179917791239e-001 -1.0441541435330835e-001
    -4.9241291491048644e-001 9.5350597599671438e-001
    2.2788144199546359e-001 -1.1255176757935779e-001
    2.1584272622754605e-001 -3.1679166131928183e-001
    6.0089529336880032e-001 -4.0685931297404448e-001
    -8.7050864956490948e-001 -2.2746225989171928e-001
    8.6129042448162019e-001 2.5161544129941066e-001
    1.0669790815542657e-001 -6.2666199229972275e-001
    -8.5327697095461930e-001 -8.1661146431547649e-001
    7.0923500964158714e-001 2.1777092029111961e-001
    6.2056002060307547e-001 6.6606762314057044e-001
    -1.1389810874739047e-001 6.4960314963854371e-001
    5.2119643936329035e-002 -2.0550358758291032e-002
    4.5359215821598253e-001 -2.1986992461491831e-001
    -3.6742487983347522e-001 -5.2363293134122335e-001
    8.1012797407022852e-001 -9.1926315172011064e-001
    -3.3365727228840314e-001 -2.4528656456639342e-001
    8.5399496300516664e-001 3.0831282012323658e-001
    1.9012099323309428e-001 -3.8137825978149181e-001
    8.9048453166332897e-001 -9.4601745047429486e-001
    4.9258409859351943e-001 2.3150053469270443e-001
    -8.4323796721714350e-001 9.5056908618121883e-001
    3.7630523668118299e-001 9.6625893926498208e-001
    6.2484580918698374e-001 2.6822131680189798e-001
    -2.8616144450819603e-001 3.0204043168777553e-003
    -4.8122580673225118e-001 -6.4044770464388168e-001
    1.0591529433653207e-001 6.0739081308120918e-002
    2.7394015853737275e-001 -6.5200705776045684e-002
    1.0785906795925088e-001 4.1619935992053519e-001
    3.3816447447326492e-001 -2.5123409996078955e-001
    -5.3407949881234940e-001 -7.7023482565382007e-001
    -1.3194988382120548e-001 2.9097896070978529e-001
    -4.2281806659185434e-001 -3.3560284999010044e-002
    -1.7476268948925157e-002 -8.5960857168063365e-001
    6.5536873999863410e-001 -2.0335384480333757e-001
    8.2948157758470464e-001 -1.8732480290801382e-001
    -9.0435840672089818e-002 4.5176754975313449e-001
    8.7839052373392601e-001 2.4913865004154984e-001
    5.4219597730652058e-001 -7.4108775974681018e-001
    2.5943874340856343e-001 -4.3006513655284723e-001
    3.4118440221969179e-002 4.8343260375901459e-001
    -3.0944834238134861e-001 2.7940919119516910e-001
    -5.8125360593139419e-001 5.5027085495050665e-001
    6.7054928124011814e-001 -8.2655408771248395e-001
    -2.4972850095595331e-001 6.5488563380437403e-001
    9.4281505255853482e-001 -5.0067339949741996e-001
    4.6801366510268394e-001 1.7023414733462420e-002
    1.5339111998313792e-001 -6.7072727695696188e-001
    -6.9812508813137608e-001 7.7270237032190137e-001
    1.3002466447071470e-001 -3.0040067122666664e-001
    -8.6879337463330675e-001 -9.7514159761941999e-001
    5.2185452582193226e-001 6.9756423482988983e-001
    6.8956410403876678e-001 7.7630407752166919e-001
    4.6869489616940346e-001 -7.8822926122236028e-002
    -5.0902491064657318e-001 -8.4460205687882395e-001
    6.3806504077402737e-001 -5.5754023159435562e-001
    -2.2231758993829259e-001 8.1469261169394258e-001
    1.2266767378796666e-001 5.2690147508776097e-001
    -6.5743299190840032e-001 9.3597974932057681e-001
    4.1806075672575804e-001 -8.2726333224977533e-001
    4.0468274405706589e-001 6.5079749367440307e-002
    -3.9603857652746954e-001 5.2198070478841108e-001
    -1.6065893065027544e-002 -8.8519000523599201e-001
    3.1799782755316913e-001 -6.0276036884203710e-001
    -1.3376820952868829e-001 4.6852244807958088e-001
    2.3163680160862463e-001 -2.3462682791083875e-001
    -4.3714919445631856e-001 -2.9922096698518957e-001
    -3.2613107608337445e-002 7.9289523707312082e-001
    -4.0153256204311621e-001 8.5233393108032418e-001
    -3.5161753854288769e-002 8.2969391913192983e-002
    -3.7320502452226245e-001 2.7977747615523357e-001
